data = [[28.63,
  25.58,
  30.89,
  37.79,
  42.68,
  53.32,
  56.0,
  62.58,
  63.16,
  66.95,
  64.95,
  70.84,
  69.26,
  73.53,
  70.58,
  71.31,
  73.84,
  72.47,
  73.84,
  74.16,
  74.95,
  73.74,
  74.05,
  78.11,
  69.89,
  75.21,
  77.0,
  77.21,
  77.42,
  74.1,
  74.26,
  75.16,
  70.58,
  69.63,
  75.84,
  72.79,
  77.1,
  75.42,
  76.42,
  71.32,
  73.42,
  76.53,
  75.95,
  73.26,
  72.32,
  73.58,
  75.05,
  74.79],
 [28.47,
  26.74,
  33.53,
  37.16,
  37.37,
  51.27,
  58.32,
  61.63,
  65.74,
  65.47,
  67.63,
  70.0,
  69.32,
  71.58,
  70.58,
  72.37,
  71.53,
  72.63,
  71.05,
  75.26,
  68.42,
  74.63,
  75.37,
  75.42,
  75.21,
  75.16,
  75.42,
  77.0,
  75.42,
  72.58,
  72.74,
  75.58,
  73.84,
  75.79,
  68.37,
  74.05,
  77.16,
  76.47,
  72.95,
  71.32,
  74.69,
  70.79,
  72.32,
  72.53,
  75.26,
  72.11,
  77.16,
  79.11],
 [29.9,
  27.63,
  30.95,
  42.26,
  40.84,
  53.69,
  59.84,
  61.89,
  66.21,
  68.95,
  69.26,
  73.53,
  71.58,
  72.32,
  69.21,
  76.74,
  73.79,
  76.0,
  75.69,
  74.74,
  75.11,
  75.52,
  76.05,
  75.74,
  77.26,
  72.05,
  78.16,
  76.47,
  77.74,
  72.11,
  78.32,
  72.42,
  76.58,
  75.68,
  78.37,
  75.9,
  74.16,
  75.74,
  73.47,
  73.79,
  76.16,
  72.16,
  76.05,
  73.68,
  77.27,
  76.63,
  76.84,
  78.05],
 [28.0,
  25.53,
  31.42,
  41.69,
  45.0,
  50.47,
  58.58,
  61.53,
  65.95,
  68.05,
  64.0,
  70.53,
  67.58,
  72.26,
  73.58,
  74.32,
  72.74,
  68.73,
  74.47,
  75.16,
  76.1,
  76.32,
  77.0,
  76.16,
  77.16,
  74.74,
  78.31,
  75.42,
  78.68,
  78.74,
  77.58,
  74.37,
  77.58,
  76.9,
  78.74,
  75.95,
  75.63,
  71.68,
  78.74,
  71.58,
  74.47,
  75.89,
  77.79,
  74.79,
  79.63,
  71.16,
  79.63,
  79.11]]